row.names	lon	lat	rate
USA/MA1/2020	-71.0582912	42.3602534	31.571974697809
USA/AK-PHL011/2020	17.7736243	62.9217072	14.7730318221358
USA/CT-Yale-375/2020	-75.662956	39.6159851	73.0334216336493
USA/AZ1/2020	-112.49123	33.34883	18.9161569214262
USA/WA1/2020	-121.7304882	48.0074736	21.7475618983424
USA/WA-S90/2020	-118.7671122	45.6416995	128.167120984826
Mexico/DUR-InDRE-09/2020	-98.3606472	20.0807903	134.99093595666
USA/IL-NM070/2020	-87.6244212	41.8755616	NA
USA/IL-NM069/2020	-87.6244212	41.8755616	21.6685109276224
USA/PA-MGEL-00210/2020	-79.9760405	40.4597204	101.409479401984
USA/SC-DHEC-0001/2020	-78.0395522	39.4535243	80.3589361098516
USA/TX-HMH-1164/2020	-95.3963667	29.939219	58.7836629737104
Panama/329593/2020	-79.8740897150963	8.98018465	121.140205435908
Panama/333271/2020	-101.365622832485	20.54810825	40.380068478636
CostaRica/INC-0223/2021	-40.873577	-3.7357783	0
CostaRica/INC-0218/2021	-120.2422615	35.9776891	25.3246832263054
CostaRica/INC-0228/2021	-76.298009	40.1601526	0
Panama/334102/2020	-78.0233249816648	9.22237675	57.6602385830372
USA/MO-WUSTL037/2020	-90.2411165602464	38.6529545	50.5753324954183
Canada/ON-S1900/2020	-79.3839347	43.6534817	0
Canada/ON-SB-09/2020	-79.3839347	43.6534817	495.53729248129
Canada/ON-SB-12/2020	-79.3839347	43.6534817	463.846890427523
Canada/ON-SB-11/2020	-79.3839347	43.6534817	29.5248937084156
Canada/ON-LTRI-1352/2020	-79.3839347	43.6534817	37.199300345781
Canada/ON-S2032/2020	-79.3839347	43.6534817	0
Canada/ON-S2177/2021	-79.3839347	43.6534817	NA
USA/PA-MGEL137/2020	-79.9760405	40.4597204	24.4362629403354
Canada/ON-S2018/2020	-79.3839347	43.6534817	26.341307403808
USA/NJ-MSHSPSP-PV12390/2020	-74.3045277	40.6652251	36.3789916383606
USA/WI-UW-3112/2021	-89.4322174	43.0709273	12.354244219014
USA/NY-NYCPHL-001140/2020	-74.0060152	40.7127281	63.3779605883784
USA/WI-UW-1099/2020	-89.4322174	43.0709273	104.620612649683
USA/NY-Wadsworth-222415-01/2020	-74.0445387688218	42.831851	53.8992964711323
USA/IA-GMF-16267/2020	-91.850265	42.8420766	10.0943393881029
USA/IA-GMF-18509/2020	-91.8563139	43.2677179	11.5832626580562
USA/MO-WUSTL036/2020	-90.2411165602464	38.6529545	24.9497151733223
USA/AK-PHL6643/2020	-149.680909	64.4459613	0
USA/NY-NYCPHL-001160/2020	-74.0060152	40.7127281	0
USA/NY-Wadsworth-10935-01/2020	-73.7907554	41.1763139	NA
USA/NY-NYCPHL-000473/2020	-74.0060152	40.7127281	NA
USA/OR-OHSU-0045/2020	-122.4006413	45.5093799	3.93172529768533
USA/CT-Yale-275/2020	-72.9330283	41.4082	26.1918369695484
USA/IL-IDPH-C-000411/2020	-89.3760499	38.0772859	33.2912454311511
Mexico/SON-InDRE-99/2020	-112.608001143894	30.8974875	29.0645559810951
USA/CT-MSHSPSP-PV15299/2020	-72.9330283	41.4082	21.2083705047864
USA/NJ-MSHSPSP-PV21168/2020	-74.0550731	40.7381635	0
USA/CT-Yale-376/2020	-75.662956	39.6159851	46.7786797746765
USA/NJ-NYUMC452/2020	-74.0563254	40.9678345	0
USA/SC-DHEC-1118/2020	-79.3343041	33.4392245	25.2293230907908
USA/CT-Yale-393/2020	-73.2006687	41.2428742	0
USA/WI-GMF-07684/2020	-91.0902393	43.8890516	18.9693693152298
USA/IL-IDPH-I-000987/2020	-88.4605713	42.3294391	0
USA/OR-OHSU-0382/2020	-122.857533935248	45.56614365	0
USA/OR-OHSU-0309/2020	-122.857533935248	45.56614365	26.7954390972589
USA/OR-OHSU-0644/2020	-122.857533935248	45.56614365	26.5450373938117
USA/IL-NM-1200/2020	-87.6244212	41.8755616	13.3604886690651
USA/PA-MGEL-00463/2020	-79.9760405	40.4597204	68.6283484373416
USA/NJ-MSHSPSP-PV17629/2020	-74.0563254	40.9678345	12.477383416835
USA/LA-EVTL1842/2020	-93.8931785	32.529173	0
USA/IL-IDPH-I-000287/2020	-87.756525	41.8197385	0
USA/PA-MGEL-00473/2020	-79.9760405	40.4597204	25.6991291117418
USA/CA-CDPH026/2020	-119.7737991	37.1716264	59.4889535885152
USA/HI-H200151/2020	-157.960511	21.468151	33.829157281943
USA/IA-GMF-02699/2020	-91.3961856	43.2961731	7.32919920299899
USA/IA-GMF-M00005/2020	-91.3961856	43.2961731	0
USA/TX-HMH-MCoV-8893/2020	-95.3676974	29.7589382	5.3673085107087
CostaRica/INC-0079/2020	-85.5506962685735	11.0090665	1.87061103909903
CostaRica/INC-0096/2020	-85.5506962685735	11.0090665	26.3370579061511
USA/CA-CZB-13272/2020	-121.6846349	37.2333253	98.8410569777971
USA/OR-OHSU-0165/2020	-122.857533935248	45.56614365	51.2197597801974
USA/LA-EVTL378/2020	-92.1615004	32.4790511	11.066482391512
USA/SC-USC-USC00431/2020	-80.9176832	34.0190006	33.7977103358543
CostaRica/INC-0088/2020	-84.1235962355571	9.74670635	40.5027657605726
CostaRica/INC-0063/2020	-84.4674980076129	10.4624947	29.9285249122898
CostaRica/INC-0138/2020	-122.3646384	37.9675052	44.358929989239
CostaRica/INC-0131/2020	8.2319736	46.7985624	54.434305453857
CostaRica/INC-0111/2020	-98.4951405	29.4246002	24.8220605026148
CostaRica/INC-0176/2020	-84.0594842	9.9084178	41.3014371117958
CostaRica/INC-0087/2020	-121.890583	37.3361905	25.3866852229661
CostaRica/INC-0175/2020	-58.4370894	-34.6075682	103.889140603677
CostaRica/INC-0184/2020	-84.0594842	9.9084178	29.1334335047794
CostaRica/INC-0187/2020	-58.4370894	-34.6075682	0
USA/PR-F6B1/2021	-66.613958	18.011564	22.2625874396961
USA/NY-Wadsworth-21010673-01/2021	-73.7907554	41.1763139	22.509444423779
USA/TX-HMH-MCoV-10799/2020	-95.3676974	29.7589382	68.2857652257245
USA/TX-DSHS-2445/2020	-97.4134281	26.1291189	4.2380815924614
USA/WI-UW-377/2020	-89.4322174	43.0709273	24.2000526430521
USA/NY-PRL-2021_02_15_03F01/2021	-74.0060152	40.7127281	0
USA/NY-NYULH97/2021	-73.9598939	40.7896239	14.1290305028743
USA/AZ-WL-9900234/2020	-111.6546163	32.1112624	20.5318294912538
USA/LA-EVTL595/2020	-93.5959786	32.6676663	28.7094299969889
USA/LA-EVTL574/2020	-93.5959786	32.6676663	0
USA/LA-EVTL474/2020	-93.5959786	32.6676663	17.4535071295395
USA/PA-MGSC30-05/2020	-79.9900861	40.4416941	32.7675945117867
USA/IA-GMF-10147/2020	-91.850265	42.8420766	0
USA/PA-MGEL89/2020	-79.9760405	40.4597204	0
Canada/ON-S50/2020	-79.3839347	43.6534817	18.657368799265
USA/WI-UW-384/2020	-89.4322174	43.0709273	23.5023267847008
USA/CA-ALSR-4602/2020	-93.7929922	42.9376255	33.4573897620653
Canada/ON-S351/2020	-79.3839347	43.6534817	0
USA/PA-MGEL70/2020	-79.9760405	40.4597204	23.2376511729551
USA/LA-GBCL-26684503/2020	-91.0899217	30.5254797	0
USA/DE-DHSS-F972766/2020	-100.7846477	33.1665316	21.965988309611
USA/MT-BHDH-3696/2020	-111.044047	45.6794293	37.710554794473
USA/DE-DHSS-F918481/2020	-100.7846477	33.1665316	25.5003347040056
USA/WI-UW-747/2020	-89.4322174	43.0709273	0
USA/MN-GMF-18787/2020	-91.7807784	43.9582272	21.9861127225405
USA/NY-Wadsworth-101072-01/2020	-74.2507287	41.3873306	29.4197664497131
Canada/ON-S1558/2020	-79.3839347	43.6534817	0
USA/PA-MGEL-00329/2020	-79.9760405	40.4597204	0
USA/MT-BHDH-4261/2020	-111.10513722509	44.6642902	0
USA/AK-PHL6652/2020	-149.894852	61.2163129	0
Mexico/ROO-InDRE-102/2020	-86.9206905837727	20.4320599	13.2564564088426
USA/SC-DHEC-0085/2020	-80.9176832	34.0190006	24.0740965318377
USA/MO-WUSTL-C1/2020	-90.2411165602464	38.6529545	34.6704735709557
USA/AL-HGSC-JGQY/2021	-86.022147	34.0371404	49.1057212245912
USA/DE-DHSS-F1047459/2021	-75.662956	39.6159851	19.8673579159773
USA/LA-EVTL2045/2021	-93.0761115	32.3231432	0
USA/IL-NM-2426/2020	-87.6244212	41.8755616	16.5970476890749
USA/IL-IDPH-BUR-S-0001278/2020	-89.5341179	41.4016294	25.1404963078252
CostaRica/INC-0083/2020	-82.9189842729849	8.8892463	19.168869094115
CostaRica/INC-0095/2020	-40.873577	-3.7357783	24.0647398873309
USA/PA-MGEL-00422/2020	-79.9760405	40.4597204	NA
USA/CA-CDPH-UC634/2020	-122.7776556	39.0505411	NA
USA/WA-S4399/2020	-100.2178972	33.588178	20.2549489843517
USA/CA-CZB-13013/2020	-121.6846349	37.2333253	0
USA/WA-S3031/2020	-123.8658829	47.1744169	0
USA/WA-S3290/2020	-100.2178972	33.588178	0
USA/DE-DHSS-F1012236/2020	-77.2741121	36.9096897	28.0181413916546
USA/IA-GMF-37933/2020	-101.4271085	32.3047833	24.3387005540417
USA/MN-GMF-28226/2020	-91.7807784	43.9582272	0
USA/OR-OHSU-9288/2021	-122.4006413	45.5093799	20.6119540334215
USA/AZ-TG718004/2021	-111.6948197	35.9363252	16.4252057666421
Mexico/BCN-ALSR-5615/2020	-116.9646629	32.5010188	35.7300215074312
Mexico/BCN-ALSR-5603/2020	-116.9646629	32.5010188	27.9857548242915
USA/CA-CDPH-UC614/2020	-122.7776556	39.0505411	66.3278222063851
USA/CA-CZB-17031/2020	-121.6846349	37.2333253	9.83861105470608
USA/NY-NYCPHL-002256/2021	-74.0060152	40.7127281	43.1124773134908
CostaRica/INC-0205/2020	-76.298009	40.1601526	27.9251009919655
USA/OR-OHSU-9331/2021	-122.4006413	45.5093799	22.574510799772
USA/WI-UW-3287/2021	-87.5807546062858	43.0180325	0
USA/AK-PHL6779/2021	-149.85784875	61.2222765	19.3657066121487
USA/CA-CZB-14879/2020	-117.8704931	33.7500378	0
USA/WI-WSLH-210989/2021	-91.1468287	45.8731634	NA
USA/AK-PHL6814/2021	-149.4793288	62.3402481	10.1517154463375
USA/WA-S4868/2021	-122.2117983	47.0022547	18.0859125336694
USA/CA-IGI-3532/2021	-121.899142	37.6090291	17.0683266753764
USA/AZ-TG717734/2021	-111.6546163	32.1112624	20.5518107357353
USA/AZ-TG718048/2021	-111.6948197	35.9363252	34.3522469422127
Mexico/BCN-ALSR-6340/2021	-116.9646629	32.5010188	0
Mexico/BCN-ALSR-5708/2020	-116.9646629	32.5010188	0
USA/DE-DHSS-F1052001/2021	-100.7846477	33.1665316	19.4838853027277
Mexico/BCN-ALSR-4775/2020	-116.9646629	32.5010188	28.4574095086801
USA/AK-PHL6542/2020	-149.4793288	62.3402481	17.6735163478029
Canada/ON-E74b/2020	-75.690308	45.421106	31.4853847646122
USA/IL-NM-2870/2020	-85.8590603	41.6012796	33.2680791678213
USA/AZ-ASPHL-2912/2020	-114.476031572498	32.665135	33.265755603025
Mexico/BCN-ALSR-6000/2020	-116.9646629	32.5010188	0
USA/IL-NM-4803/2020	-87.9939552	42.3327033	22.0768812941751
USA/IA-GMF-15767/2020	-91.850265	42.8420766	0
USA/IA-UIHC-MO20/2020	-91.6061124	41.6861834	14.5155385009365
USA/TX-HMH-MCoV-16073/2020	-95.3676974	29.7589382	30.7514280130858
USA/TX-HMH-MCoV-18081/2020	-95.3676974	29.7589382	22.0167243010963
USA/LA-EVTL1721/2021	-93.5265161	31.5223049	19.1159837770751
USA/LA-ALSR-5826/2020	-90.0701156	29.9499323	11.9152823018453
USA/MO-UW-771/2020	-90.5188127750124	38.6398744	33.566616422337
USA/AK-PHL6592/2020	-149.85784875	61.2222765	40.7356613334296
USA/MT-BHDH-5399/2020	-111.044047	45.6794293	0
USA/OR-OHSU-9164/2021	-122.4006413	45.5093799	52.2857142860131
USA/WA-OHSU-4061/2020	-122.4940866	45.7669047	NA
USA/LA-SR0154/2020	-90.0701156	29.9499323	0
USA/NE-CUMC-20258107/2020	-95.9383758	41.2587459	0
USA/OR-OHSU-3271/2020	-122.4006413	45.5093799	16.4249666278883
USA/OR-OHSU-4255/2020	-122.4006413	45.5093799	56.5594948211802
USA/OR-OHSU-4139/2020	-122.857533935248	45.56614365	9.7625111752401
USA/AZ-WL-CVG00126/2020	-111.6546163	32.1112624	32.5292733522396
USA/LA-EVTL1575/2021	-93.8931785	32.529173	0
USA/WA-S4466/2021	-100.2178972	33.588178	17.3985800497212
USA/LA-EVTL1937/2020	-93.8931785	32.529173	0
USA/LA-ALSR-5827/2020	-90.0701156	29.9499323	11.3491250344729
USA/LA-EVTL1089/2020	-93.8931785	32.529173	28.9992559196921
USA/WA-S3626/2020	-122.6474421	47.594502	14.7159262431155
USA/LA-EVTL1744/2021	-93.1427138	31.6464192	0
USA/AK-PHL6562/2020	-149.4793288	62.3402481	0
USA/DE-DHSS-F1020267/2020	-75.662956	39.6159851	27.9066213306487
USA/AK-PHL6560/2020	-149.680909	64.4459613	0
USA/LA-EVTL518/2020	-93.8931785	32.529173	33.947966909594
USA/LA-EVTL1965/2020	-93.5959786	32.6676663	0
USA/IA-UIHC-MO30/2020	-91.6061124	41.6861834	39.1551545092683
USA/IL-IDPH-I-000808/2021	-87.756525	41.8197385	0
USA/WI-UW-2265/2020	-90.6991696	42.8855277	20.7246063491589
USA/DE-DHSS-FLW00757171/2021	-75.662956	39.6159851	20.9619993430208
USA/MT-BHDH-4922/2020	20.4568974	44.8178131	0
USA/OR-OHSU-7898/2020	-123.082293	45.9280203	0
USA/CA-CZB-15710/2020	-121.6846349	37.2333253	12.490610871822
USA/OR-OHSU-PHL00019/2021	-122.4006413	45.5093799	11.2116576493182
USA/OR-OHSU-PHL00025/2021	-122.4006413	45.5093799	19.9589827336816
USA/OR-OHSU-PHL00023/2021	-122.4006413	45.5093799	21.5270919485473
USA/OR-OHSU-PHL00029/2021	-122.4006413	45.5093799	0
USA/HI-H200678/2020	-157.960511	21.468151	0
USA/HI-H200677/2020	-157.960511	21.468151	16.1354082817589
USA/WA-S3273/2020	-100.2178972	33.588178	18.4888093173266
USA/WA-S3268/2020	-100.2178972	33.588178	0
USA/WA-S3272/2020	-100.2178972	33.588178	0
USA/WA-S3166/2020	-122.2117983	47.0022547	10.3006961577271
USA/WA-S3098/2020	-123.7373472	47.9998383	40.400683727516
USA/WA-OHSU-4924/2020	-122.4940866	45.7669047	0
USA/OR-OHSU-5356/2020	-122.857533935248	45.56614365	30.5322287433827
USA/WA-S3089/2020	-117.4074674	47.5354964	3.50366641601303
USA/OR-OHSU-9276/2021	-122.857533935248	45.56614365	0
USA/AK-PHL6815/2021	-149.4793288	62.3402481	29.8761913481598
USA/OR-OHSU-9376/2021	-122.4006413	45.5093799	0
USA/CA-CDPH-UC470/2020	-119.7737991	37.1716264	41.7344673694359
USA/WA-S3512/2020	-100.2178972	33.588178	0
USA/OR-OHSU-9335/2021	-122.4006413	45.5093799	10.5111773738512
USA/AZ-ASPHL-3246/2020	-112.49123	33.34883	24.9699778984941
USA/AK-PHL6616/2020	-149.4793288	62.3402481	18.8529668689611
USA/LA-EVTL1579/2021	-93.8931785	32.529173	18.8685271005636
USA/IL-IDPH-I-000234/2020	-88.8235511	42.321246	22.8771206164646
USA/AK-PHL6630/2020	-149.85784875	61.2222765	43.7050988455669
USA/OR-OHSU-9177/2021	-122.857533935248	45.56614365	20.8853862328396
USA/OR-OHSU-7942/2020	-122.4006413	45.5093799	19.3959636335044
USA/OR-OHSU-9259/2021	-122.857533935248	45.56614365	0
USA/TX-HMH-MCoV-16175/2020	-95.3676974	29.7589382	0
USA/HI-H210902/2021	-157.960511	21.468151	14.7414567344136
USA/WI-WSLH-201751/2020	-96.2574328	43.6733632	0
USA/LA-EVTL1877/2020	-93.8931785	32.529173	18.083439380838
USA/TX-HMH-MCoV-18370/2020	-95.3676974	29.7589382	0
USA/TX-HMH-MCoV-15390/2020	-95.3676974	29.7589382	56.8190772029013
USA/HI-H200500/2020	-157.960511	21.468151	20.772240533782
USA/AZ-ASPHL-2897/2020	-110.3549451	35.1819775	37.9981721480864
USA/WA-S4354/2021	-100.2178972	33.588178	0
USA/WI-UW-2332/2020	-89.4322174	43.0709273	26.8422883580799
USA/TX-HMH-MCoV-12479/2020	-95.3676974	29.7589382	17.3506378865376
USA/LA-EVTL1951/2020	-93.8931785	32.529173	31.7432638006098
USA/TX-HMH-MCoV-19473/2020	-95.3676974	29.7589382	22.0614616673859
USA/TX-HMH-MCoV-19799/2020	-95.3676974	29.7589382	55.9958107791864
USA/WA-S3449/2020	-120.730253	46.4135961	0
USA/AK-PHL6869/2020	-149.680909	64.4459613	16.1934118885654
USA/TX-HMH-MCoV-12469/2020	-95.3676974	29.7589382	40.3948184383629
USA/AK-PHL6812/2021	-149.4793288	62.3402481	13.787686052479
USA/WI-UW-2373/2020	-85.5346302	37.2433976	0
USA/LA-EVTL1484/2020	-93.8931785	32.529173	0
USA/AL-HGSC-JGAC/2020	-86.5675095	34.7736807	6.69844587120061
USA/TX-DSHS-2051/2020	-97.6041649	30.6580927	20.0467008343571
USA/DE-DHSS-FLW00749233/2021	-100.7846477	33.1665316	20.0118704278404
USA/CA-CZB-13009/2020	-121.6846349	37.2333253	52.6178708934872
USA/WA-S3484/2020	-100.2178972	33.588178	21.2622063530102
USA/WA-S4370/2021	-122.2117983	47.0022547	0
USA/WA-OHSU-3985/2020	-122.4940866	45.7669047	23.0831301077796
USA/OR-OHSU-8767/2020	-122.2305038	45.1608821	21.0140693607325
USA/WA-S4810/2021	-122.4940866	45.7669047	26.7661673360826
USA/LA-EVTL1875/2020	-93.8931785	32.529173	39.5489680934299
USA/LA-EVTL1091/2020	-93.5959786	32.6676663	26.5146379055241
USA/LA-EVTL1403/2020	-93.5959786	32.6676663	0
USA/LA-EVTL1354/2020	-93.5959786	32.6676663	30.2375413777698
USA/LA-EVTL1452/2020	-93.5959786	32.6676663	11.7052484394443
USA/DE-DHSS-FLW00691577/2021	-77.2741121	36.9096897	15.8064162406931
USA/AK-PHL6610/2020	-149.4793288	62.3402481	0
USA/IL-NM-5046/2020	-87.756525	41.8197385	35.6592288625313
USA/AL-HGSC-JHLM/2021	-86.9164513	33.5228184	26.5382682089639
USA/WI-WSLH-210270/2021	-91.7971652	45.8926321	25.4457934001224
USA/IL-IDPH-COO-I-0001026/2021	-87.756525	41.8197385	34.6647261399193
USA/VA-SU-SC_36/2021	-78.279166	39.2127031	13.85713257035
USA/AL-HGSC-JFTA/2020	-85.2654592	31.1355603	22.9269731309949
USA/AL-HGSC-JEQU/2020	-85.2654592	31.1355603	48.8227245344005
USA/DE-DHSS-F1009549/2020	-77.2741121	36.9096897	25.826926093518
USA/DE-DHSS-F987027/2020	-77.2741121	36.9096897	21.4125828441455
USA/AL-HGSC-JFXS/2020	-82.8405691	31.5301809	46.5201712174157
USA/PA-MGEL-00963/2020	-79.9760405	40.4597204	0
USA/PA-MGEL-01093/2020	-79.9760405	40.4597204	22.1010769541738
USA/PA-MGEL-01149/2020	-79.9760405	40.4597204	22.9857780486238
USA/TX-DSHS-2365/2021	-96.7790069	32.7620405	38.9232209741918
USA/SC-DHEC-0057/2021	-79.3343041	33.4392245	28.9037217062996
USA/HI-H200542/2020	-157.960511	21.468151	0
USA/IN-PU-LH000094718/2020	-86.8879689	40.3916066	30.2418657903938
USA/LA-EVTL1090/2020	-93.8931785	32.529173	20.5873598539797
USA/WI-UW-3272/2021	-87.5807546062858	43.0180325	15.1490073251646
USA/NJ-NYULH134/2021	-81.6225075	30.9298212	0
USA/AL-HGSC-JGFI/2020	-86.5675095	34.7736807	27.6303030308724
USA/IA-GMF-23570/2020	-91.8563139	43.2677179	0
USA/IA-GMF-43363/2020	-91.8563139	43.2677179	24.4634031654762
USA/DE-DHSS-F1042804/2020	-77.2741121	36.9096897	11.5188114801113
USA/CA-ALSR-6016/2020	-117.1627728	32.7174202	0
USA/LA-EVTL1997/2021	-93.8931785	32.529173	10.4747431791796
USA/OR-OHSU-8691/2020	-122.857533935248	45.56614365	0
USA/PA-MGEL-00949/2020	-79.9760405	40.4597204	20.3039142972242
USA/OH-UW-2400/2020	-83.0076657	40.0283162	0
USA/OR-OHSU-3447/2020	-122.4006413	45.5093799	0
USA/AL-Clay-JEEZ/2020	-98.2123296	33.6856157	16.2755584708873
USA/DE-DHSS-F1047461/2021	-75.662956	39.6159851	6.94405225739304
USA/DE-DHSS-F1019096/2020	-100.7846477	33.1665316	10.5016574831641
USA/DE-DHSS-F1019092/2020	-100.7846477	33.1665316	28.9393457353011
USA/IL-NM-5197/2020	-87.756525	41.8197385	36.5699781567776
USA/AL-HGSC-JFWX/2020	-89.9324347	38.4616972	29.8792003872709
USA/AL-HGSC-JGDH/2020	-86.9901321	34.8342463	17.540095052371
USA/AL-HGSC-JGNS/2021	-86.1999118	32.1672192	20.0074540811312
USA/IN-PU-LH000124570/2021	-86.8879689	40.3916066	36.7232051080833
USA/WI-GMF-31611/2020	-90.6397264	43.9416755	0
USA/DE-DHSS-FLW00406161/2020	-75.662956	39.6159851	22.597624077127
USA/CA-CZB-16984/2020	-121.6846349	37.2333253	0
USA/AK-PHL6833/2021	-149.680909	64.4459613	57.7801328965082
USA/AK-PHL6832/2021	-149.680909	64.4459613	0
USA/AK-PHL6836/2021	-149.680909	64.4459613	29.6042104207645
USA/AK-PHL6808/2021	-149.4793288	62.3402481	17.8463904387721
USA/WA-S4882/2021	-100.2178972	33.588178	105.018978400713
USA/WI-UW-2488/2020	-89.4322174	43.0709273	13.868479716319
USA/AL-HGSC-JGQE/2021	-86.9164513	33.5228184	22.6017880724772
USA/IL-NM-2413/2020	-87.6244212	41.8755616	29.0903071107858
USA/WI-GMF-32806/2020	-91.0902393	43.8890516	26.2678201310412
USA/WI-UW-2828/2021	-87.5807546062858	43.0180325	0
USA/WI-UW-2385/2020	-89.4322174	43.0709273	24.4143890571797
USA/IA-GMF-27699/2020	-91.3961856	43.2961731	0
USA/IA-GMF-28426/2020	-91.3961856	43.2961731	26.8105350824071
USA/WI-UW-3330/2021	-83.2221527	29.9978185	9.07462949707943
USA/MN-GMF-38230/2020	-91.7807784	43.9582272	8.74396215932624
USA/WI-MPHL-U1050064/2021	-87.5807546062858	43.0180325	18.7491115147599
USA/AK-PHL6588/2020	-149.680909	64.4459613	31.884328461946
USA/WI-UW-3322/2021	-85.5346302	37.2433976	86.3957321503597
USA/IA-GMF-28410/2020	-91.3961856	43.2961731	0
USA/IA-GMF-32164/2020	-91.3961856	43.2961731	24.7991559482726
USA/PA-MGEL-01094/2020	-79.9760405	40.4597204	31.8178752254749
USA/PA-MGEL-00960/2020	-79.9760405	40.4597204	15.7163544436519
USA/NY-PRL-2021_0210_06C12/2021	-74.0060152	40.7127281	46.2937731499217
USA/WI-WSLH-201510/2020	-88.7673031	43.0224668	0
USA/NY-Wadsworth-252054-01/2020	-76.7725493	42.1384667	16.3467445989564
USA/AK-PHL6589/2020	17.7736243	62.9217072	16.3467445989564
USA/IL-IDPH-I-000740/2020	-87.9939552	42.3327033	0
USA/IL-UW-1617/2020	-89.1496574	42.3255276	23.0245045069932
USA/IL-IDPH-I-000233/2020	-89.1496574	42.3255276	0
USA/IL-IDPH-I-000455/2020	-87.756525	41.8197385	19.1476241220464
USA/IL-NM-2478/2020	-87.9939552	42.3327033	7.48010458519165
USA/AL-SL-21020246152/2021	-85.3077038	32.5814796	21.1894692367283
USA/IA-GMF-47194/2021	-91.3961856	43.2961731	22.0927173804292
USA/IA-GMF-36354/2020	-91.3961856	43.2961731	48.8982689118665
USA/MN-GMF-38975/2020	-91.4685617	43.6624222	29.8515648889481
USA/IL-IDPH-I-000229/2020	-88.4319488	41.5853584	31.6474049694414
USA/IA-GMF-48948/2021	-91.8563139	43.2677179	0
USA/NY-PRL-2021_02_12_02D11/2021	-74.0060152	40.7127281	22.7688257618418
USA/CA-ALSR-3498/2020	-117.1627728	32.7174202	0
CostaRica/INC-0042/2020	-84.4674980076129	10.4624947	25.800902144024
USA/WI-UW-845/2020	-89.4322174	43.0709273	11.0744038102092
USA/PA-MGEL-00793/2020	-79.9760405	40.4597204	38.7929530377971
USA/PA-MGEL-00967/2020	-79.9760405	40.4597204	9.30380767363041
Canada/ON-S52/2020	-79.3839347	43.6534817	47.46063326872
Mexico/TLA-InDRE-106/2020	-98.6112926770883	19.55201735	9.52842724466899
USA/CA-CDPH-UC1269/2020	-122.6199638	38.0409144	27.2486640815172
CostaRica/INC-0058/2020	-84.4674980076129	10.4624947	13.6619089936128
USA/AK-PHL383/2020	-149.894852	61.2163129	82.3279866338999
Mexico/TAB-InDRE-105/2020	-93.6634408051158	17.7620967	24.2532809752404
USA/OR-OHSU-3975/2020	-122.4006413	45.5093799	NA
USA/IA-UIHC-MO28/2020	-91.6061124	41.6861834	21.8145695370017
USA/IA-GMF-24556/2020	-91.850265	42.8420766	33.3495494350227
USA/IA-UIHC-MO24/2020	-91.6061124	41.6861834	54.5145285029935
USA/WI-UW-320/2020	-87.5807546062858	43.0180325	15.7291653654059
USA/IA-GMF-32590/2020	-91.3961856	43.2961731	43.987770478703
USA/WI-GMF-28010/2020	-90.8938474	43.2271639	14.358599830729
USA/IL-IDPH-I-000231/2020	-89.2888533	41.7459056	23.3401297924078
CostaRica/INC-0052/2020	-84.6218658823131	9.7072481	0
Panama/334036/2020	-79.6793266702984	8.98985635	13.6805567759182
CostaRica/INC-0080/2020	-83.481556286107	10.1493599	0
CostaRica/INC-0171/2020	-120.2422615	35.9776891	27.5630760644998
CostaRica/INC-0142/2020	-73.2829254149924	6.52548015	0
CostaRica/INC-0182/2020	-106.3022466	35.2197649	19.0202266347768
CostaRica/INC-0194/2020	-87.9426681	15.851465	0
USA/TX-HMH0313/2020	-95.3963667	29.939219	26.2436708509701
USA/TX-HMH-6041/2020	-95.3963667	29.939219	7.66868208144004
Canada/ON-E58/2020	-75.690308	45.421106	0
USA/IN-Lilly-IPB0173-09bc17/2020	-86.1583502	39.7683331	0
USA/OR-OHSU-0438/2020	-122.4006413	45.5093799	30.9620829903821
USA/TX-HMH-MCoV-15402/2020	-95.3676974	29.7589382	29.5642089844147
USA/TX-HMH-MCoV-12418/2020	-95.3676974	29.7589382	19.7094726562765
USA/TX-HMH-MCoV-16304/2020	-95.3676974	29.7589382	0
USA/AZ-ASPHL-2910/2020	-112.49123	33.34883	34.9706882702542
Mexico/BCN-ALSR-3624/2020	-114.290773141853	31.9939146	0
USA/CA-CDPH-UC1221/2020	-121.9059001	38.7184542	101.366715309191
Mexico/BCN-ALSR-6339/2021	-116.9646629	32.5010188	0
USA/CA-CZB-3670/2020	-119.7737991	37.1716264	25.9892289844361
USA/CA-CZB-13115/2020	-119.7737991	37.1716264	30.2727782570396
USA/HI-H200170/2020	-157.960511	21.468151	18.5974291841907
USA/HI-H200582/2020	-157.960511	21.468151	NA
USA/HI-H200562/2020	-156.3105232	20.7580586	0
USA/HI-H200567/2020	-156.3105232	20.7580586	0
USA/HI-H200611/2020	-157.960511	21.468151	23.4876609055504
USA/HI-H200674/2020	-157.960511	21.468151	14.4148383509144
USA/HI-H200703/2020	-157.960511	21.468151	21.0986913102082
USA/HI-H200642/2020	-157.960511	21.468151	42.7311327998692
USA/AZ-WL-CVG00116/2020	-111.6546163	32.1112624	0
USA/WI-WSLH-210298/2020	-87.5807546062858	43.0180325	0
USA/HI-H200180/2020	-157.960511	21.468151	0
USA/HI-H200392/2020	-157.960511	21.468151	34.2054018200137
USA/LA-EVTL1099/2020	-93.8931785	32.529173	0
USA/WA-S3416/2020	-120.730253	46.4135961	38.592192403135
USA/AZ-ASPHL-3585/2021	-112.49123	33.34883	0
USA/HI-H210829/2020	-157.960511	21.468151	13.8497068131847
USA/HI-H200713/2020	-157.960511	21.468151	0
USA/HI-H210988/2021	-157.960511	21.468151	27.8422708560603
USA/HI-H210816/2021	-157.960511	21.468151	0
USA/HI-H210892/2021	-157.960511	21.468151	28.6873204398885
USA/HI-H200741/2020	-157.960511	21.468151	33.054910199523
USA/HI-H200764/2020	-157.960511	21.468151	45.7996378460963
USA/HI-H200746/2020	-157.960511	21.468151	31.3151830035777
USA/NY-Wadsworth-253434-01/2020	-73.4471343	43.2294536	24.2777547613873
USA/NY-Wadsworth-269649-01/2020	-76.019111	41.5179097	18.9054209337817
USA/DE-DHSS-F1018845/2020	-100.7846477	33.1665316	0
USA/DE-DHSS-FLW00711319/2021	-100.7846477	33.1665316	19.2285928498831
USA/OR-OHSU-8941/2021	-122.857533935248	45.56614365	0
USA/OR-OHSU-8955/2021	-122.4006413	45.5093799	20.1840527965612
USA/NY-NYCPHL-001286/2020	-74.0060152	40.7127281	0
USA/DE-DHSS-F987155/2020	-77.2741121	36.9096897	17.420353298959
USA/NY-Wadsworth-292229-01/2020	-73.9550230275334	40.64530975	0
USA/DE-DHSS-FLW00404994/2020	-100.7846477	33.1665316	28.040050546341
Mexico/BCN-ALSR-1714/2020	-116.9646629	32.5010188	0
USA/AZ-ASPHL-3275/2020	-114.476031572498	32.665135	31.8966507178682
Mexico/BCN-ALSR-1712/2020	-116.9646629	32.5010188	13.1236198548461
Mexico/BCN-ALSR-2487/2020	-116.9646629	32.5010188	NA
USA/TX-HMH-MCoV-16152/2020	-95.3676974	29.7589382	0
Mexico/BCN-ALSR-2553/2020	-116.9646629	32.5010188	0
Canada/ON-S1446/2020	-79.3839347	43.6534817	21.9438564485247
USA/DE-DHSS-FLW00571821/2020	-100.7846477	33.1665316	0
USA/NY-Wadsworth-21002968-01/2021	-73.7976337	40.7498243	35.2597212414251
USA/CA-ALSR-3720/2020	-117.1627728	32.7174202	0
USA/WA-S3611/2020	-120.730253	46.4135961	21.0485914369752
USA/CA-CZB-15155/2020	-121.6846349	37.2333253	0
Mexico/BCN-ALSR-5732/2020	-116.9646629	32.5010188	20.0740357337067
USA/OR-OHSU-7183/2020	-122.4006413	45.5093799	0
CostaRica/INC-0225/2021	-84.9009522046287	10.4837473	26.56203821025
USA/NY-PRL-2021_02_12_04B10/2021	-74.0060152	40.7127281	0
USA/OR-OHSU-8944/2021	-122.4006413	45.5093799	16.9300942606565
Mexico/SON-InDRE-103/2020	-110.9692202	29.0948207	0
USA/AZ-ASPHL-2945/2020	-114.476031572498	32.665135	23.6429982356578
USA/AL-HGSC-JGFT/2020	-86.5675095	34.7736807	43.5590476003811
USA/DE-DHSS-F1019125/2020	-100.7846477	33.1665316	33.7593762337849
USA/DE-DHSS-FLW00407861/2020	-75.662956	39.6159851	0
USA/DE-DHSS-FLW00698606/2021	-77.2741121	36.9096897	27.7588496350749
USA/WA-S3480/2020	-100.2178972	33.588178	26.5397728157924
USA/LA-EVTL1904/2020	-93.8931785	32.529173	34.9420947467828
USA/LA-EVTL1081/2020	-93.5959786	32.6676663	0
USA/LA-EVTL1231/2020	-93.3285187	32.6358137	24.2614850943895
USA/IL-NM-2392/2020	-87.6244212	41.8755616	27.5418144491862
USA/LA-EVTL1556/2020	-93.8931785	32.529173	20.6866265789494
CostaRica/INC-0213/2020	-83.9687564	10.5925359	0
USA/AK-PHL6781/2021	-149.85784875	61.2222765	70.6407598903964
USA/PA-MGEL-00773/2020	-79.9760405	40.4597204	12.0091642965535
USA/PA-MGEL-01165/2020	-79.9760405	40.4597204	8.82939891829921
USA/AZ-WL-9900258/2020	-111.6546163	32.1112624	21.5281137915679
USA/DE-DHSS-F986809/2020	-77.2741121	36.9096897	39.7808359180467
USA/WA-S4011/2021	-123.8658829	47.1744169	0
Mexico/BCN-ALSR-1693/2020	-116.9646629	32.5010188	16.3884032119913
USA/CA-ALSR-5921/2020	-117.1627728	32.7174202	0
Mexico/BCN-ALSR-5773/2020	-116.9646629	32.5010188	19.0710772112147
USA/OR-OHSU-9213/2021	-122.857533935248	45.56614365	0
USA/WI-GMF-33907/2020	-91.0902393	43.8890516	12.4676181696159
USA/IL-IDPH-COO-I-0001012/2021	-87.756525	41.8197385	0
USA/IL-IDPH-JOH-C-001369/2020	-88.8844045	37.4501818	15.0195234993538
Canada/ON-E55/2020	-75.690308	45.421106	61.9166082885409
USA/OR-OHSU-PHL00041/2021	-123.2180414	45.2298399	34.2232458421672
USA/CA-CZB-14763/2020	-123.8997734	40.5997415	0
USA/NY-Wadsworth-292003-01/2020	-73.7907554	41.1763139	45.2103376032003
USA/DE-DHSS-FLW00750590/2021	-77.2741121	36.9096897	32.8807028509773
USA/DE-DHSS-FLW00761473/2021	-75.662956	39.6159851	26.1415381256913
USA/MO-WUSTL_E/2020	-90.2411165602464	38.6529545	0
Canada/LTRI-1617/2020	-79.3839347	43.6534817	18.2359699775573
CostaRica/INC-0064/2020	21.9877132	38.9953683	18.1226649842592
CostaRica/INC-0161/2020	-9.3658524	5.7499721	27.9675963949
CostaRica/INC-0160/2020	-85.5506962685735	11.0090665	57.0216728069801
CostaRica/INC-0224/2021	-84.825728	10.1173153	0
USA/PA-MGEL-00255/2020	-79.9760405	40.4597204	22.9379930592716
USA/PA-MGEL-00733/2020	-79.9760405	40.4597204	47.6360497191265
CostaRica/INC-0084/2020	-84.0309429509653	9.91651155	10.6432554856488
CostaRica/INC-0105/2020	-117.8086012	33.6811803	25.2114599606932
CostaRica/INC-0061/2020	-85.5506962685735	11.0090665	33.2087691442427
CostaRica/INC-0078/2020	-84.4674980076129	10.4624947	29.3240707918756
CostaRica/INC-0092/2020	-84.1061032920821	9.88904325	24.2443034727524
CostaRica/INC-0056/2020	-121.890583	37.3361905	21.8776914938803
CostaRica/INC-0232/2021	-84.3279374888928	10.6938099	0
CostaRica/INC-0233/2021	-84.1931678	10.0780962	36.081851740466
CostaRica/INC-0209/2021	-83.655901104935	10.5026883	0
USA/CA-CZB-13670/2020	-121.6846349	37.2333253	31.9166130154101
USA/NJ-NYULH257/2020	-74.0550731	40.7381635	29.7373216438341
CostaRica/INC-0108/2020	-3.0669209	37.8429817	27.6399271345738
CostaRica/INC-0122/2020	-40.873577	-3.7357783	0
CostaRica/INC-0183/2020	-83.6453628664005	9.3364185	40.3703817491363
CostaRica/INC-0227/2021	-92.6343042361831	17.32517825	24.2930256785269
CostaRica/INC-0216/2020	-85.2852320358251	10.515753	0
CostaRica/INC-0197/2020	-83.9872	9.9080401	18.9527048403885
CostaRica/INC-0226/2021	-122.931263251282	38.4010855	0
CostaRica/INC-0219/2021	-54.1647255	-24.4504957	21.7887733697319
CostaRica/INC-0179/2020	-84.4674980076129	10.4624947	0
CostaRica/INC-0172/2020	-83.9204377	9.8642435	36.2660673493046
CostaRica/INC-0174/2020	1.363189	41.7253374	57.3360207970299
CostaRica/INC-0170/2020	-66.0648908	18.0020368	7.45697686571136
CostaRica/INC-0169/2020	125.5459031	11.4114053	12.7952590637613
CostaRica/INC-0193/2020	-98.4951405	29.4246002	27.3391983830082
CostaRica/INC-0201/2020	-84.4674980076129	10.4624947	0
CostaRica/INC-0173/2020	-85.5506962685735	11.0090665	25.3322548417759
CostaRica/INC-0177/2020	-84.0322962	9.9552442	18.2713840746832
CostaRica/INC-0178/2020	-84.0594842	9.9084178	46.9749219087665
CostaRica/INC-0186/2020	-82.5870844	8.6614265	59.6296849754739
CostaRica/INC-0192/2020	-84.0594842	9.9084178	0
CostaRica/INC-0196/2020	-84.0138034	9.9342017	23.5860044214395
CostaRica/INC-0180/2020	-83.9036025	9.8698026	20.5889617665502
CostaRica/INC-0222/2021	-84.2543221	9.9628161	25.0701533505012
CostaRica/INC-0229/2021	-119.289248289386	36.5473778	54.0151430340784
CostaRica/INC-0166/2020	-84.0322962	9.9552442	23.3210598521043
CostaRica/INC-0198/2020	-117.9859131	49.0185038	0
CostaRica/INC-0207/2020	-40.873577	-3.7357783	25.3719803745434
CostaRica/INC-0231/2021	-84.4863993	10.0652058	0
CostaRica/INC-0211/2020	-83.9539378	10.3370076	22.9292294019714
CostaRica/INC-0215/2020	-9.3658524	5.7499721	41.6510482921181
CostaRica/INC-0199/2020	125.674159821529	7.3745798	11.7419269630702
CostaRica/INC-0214/2021	-66.116666	18.465299	0
CostaRica/INC-0191/2020	-75.7214561	1.4167062	19.2213087521088
CostaRica/INC-0181/2020	-78.0764462033363	1.49613655	0
CostaRica/INC-0189/2020	-83.4584483993773	8.5337895	0
CostaRica/INC-0190/2020	-40.873577	-3.7357783	18.590685025476
CostaRica/INC-0204/2020	-117.8086012	33.6811803	18.9117650883017
CostaRica/INC-0202/2020	-119.731562	34.465051	0
CostaRica/INC-0212/2021	-83.7913841	10.2152164	0
CostaRica/INC-0203/2020	-83.845703198973	9.9974653	21.8780899474758
CostaRica/INC-0185/2020	-84.0252872	9.9939017	25.9116056380202
CostaRica/INC-0210/2021	-84.0096613	10.4541312	0
USA/DE-DHSS-FLW00599083/2020	-75.662956	39.6159851	30.1002922555861
CostaRica/INC-0234/2021	-84.1360509	9.9299595	0
USA/DE-DHSS-F1022209/2020	-77.2741121	36.9096897	7.54006810996681
USA/DE-DHSS-F986562/2020	-100.7846477	33.1665316	0
USA/NY-NYCPHL-001100/2020	-74.0357266	41.1519319	24.442842436735
USA/AK-PHL6813/2021	-149.85784875	61.2222765	0
USA/NY-Wadsworth-21007535-01/2021	-73.8785937	40.8466508	19.7935970844383
USA/NY-NYCPHL-001172/2020	-74.0060152	40.7127281	6.36352534788715
USA/NJ-NYULH99/2021	-74.3177933	41.0461864	30.1039063587058
USA/NJ-NYULH211/2020	-74.0550731	40.7381635	59.2357688105364
USA/NY-NYCPHL-001120/2020	-74.0060152	40.7127281	17.8163230014241
USA/NY-NYCPHL-001408/2020	-74.0060152	40.7127281	0
USA/PR-F048/2021	-66.613958	18.011564	36.2902476044919
Canada/ON-S2420/2020	-79.3839347	43.6534817	44.6892549837722
USA/TX-DSHS-2348/2021	-96.3805801469641	30.65231335	7.19072774870429
USA/HI-H200053/2020	-155.5645619	19.6273325	0
USA/WI-WSLH-200501/2020	-88.0429623674584	42.72723705	19.37680180823
USA/WI-WSLH-200466/2020	-88.0429623674584	42.72723705	20.0256298366761
USA/WI-GMF-37062/2020	-91.0902393	43.8890516	20.5453756755551
USA/WA-OHSU-2033/2020	-122.4940866	45.7669047	0
USA/CA-CDPH303/2020	-121.9059001	38.7184542	31.4140817322886
USA/IL-IDPH-BUR-S-0001392/2020	-89.5341179	41.4016294	31.3138611459256
USA/TX-HMH-MCoV-19708/2020	-95.3676974	29.7589382	64.9737628230086
USA/CA-CZB-23285/2021	-121.9175345	37.9034806	8.68766669731965
USA/OR-OHSU-5803/2020	-122.4006413	45.5093799	0
CostaRica/INC-0217/2021	-9.3658524	5.7499721	18.6092445129079
USA/PR-B2D3/2020	-66.613958	18.011564	45.2387265014391
USA/AZ-WL-CVG00128/2020	-111.6546163	32.1112624	26.2208252074209
USA/AZ-ASPHL-3326/2020	-114.476031572498	32.665135	38.9160471031226
USA/NJ-MSHSPSP-PV15719/2020	-74.3045277	40.6652251	23.4336148274912
USA/IL-IDPH-I-000699/2020	-87.756525	41.8197385	60.5517371472003
USA/OR-OHSU-3283/2020	-122.4006413	45.5093799	NA
USA/AK-PHL6680/2020	-149.85784875	61.2222765	NA
USA/NY-NYCPHL-001362/2020	-74.0060152	40.7127281	13.6408197201439
USA/DE-DHSS-F981493/2020	-100.7846477	33.1665316	18.5198842948227
USA/IL-IDPH-I-000802/2021	-87.756525	41.8197385	50.5429873201169
USA/LA-EVTL1862/2020	-93.5959786	32.6676663	0
USA/LA-EVTL1899/2020	-93.5959786	32.6676663	20.1593421761833
USA/LA-EVTL1871/2020	-93.5959786	32.6676663	0
USA/LA-EVTL1859/2020	-93.5959786	32.6676663	20.5863220719836
USA/LA-EVTL1861/2020	-93.5959786	32.6676663	16.0579182734316
USA/LA-EVTL1925/2020	-93.5959786	32.6676663	0
USA/TX-HMH-MCoV-8479/2020	-95.3676974	29.7589382	0
USA/NJ-MSHSPSP-PV15139/2020	-74.0563254	40.9678345	16.4954794311821
USA/NY-NYCPHL-001313/2020	-74.0060152	40.7127281	0
Canada/ON-E62/2020	-75.690308	45.421106	25.6592140597744
USA/NJ-MSHSPSP-PV17505/2020	-74.0563254	40.9678345	0
USA/DE-DHSS-F986368/2020	-77.2741121	36.9096897	34.9728172422788
USA/TX-HMH-MCoV-12636/2020	-95.3676974	29.7589382	28.7134616785446
USA/OR-OHSU-PHL00032/2021	-122.7203248	44.8964425	27.9617750930342
Mexico/TAM-InDRE-94/2020	-97.5017951	25.8520977	0
Canada/ON-S2344/2021	-79.3839347	43.6534817	24.1608741464185
USA/DE-DHSS-FLW00757375/2021	-75.662956	39.6159851	36.4025600988612
Canada/ON-S2424/2021	-79.3839347	43.6534817	0
	-96.5985117779225	38.0813580551928	0
	-44.2163370981615	60.3169388055858	0
	-90.7342837065454	31.999397043262	8.7119385938834
	-111.342336118224	38.4792557683372	20.3684202706558
	-107.053152693057	33.2697440693606	15.0203125732604
	-85.9541985415991	38.8991718591365	0
	-79.0006725275021	39.9606497496287	0
	-81.7029303934075	20.1381835724496	17.0912648628028
	-82.1526859079545	22.6835979228907	0
	-75.8520166935606	28.3848880706786	31.4258925570926
	-75.6078444654361	20.5144637254508	0
	-96.9150841401738	38.1293969853435	16.9741263385432
	-97.1027946535821	41.0519526501424	28.6789585922761
	-79.6995183668207	42.9487283011889	17.0597109543011
	-79.3839347	43.6534817	30.447396439492
	-79.3839347	43.6534817	50.6308102522334
	-79.3839347	43.6534817	59.1477068243904
	-79.3839347	43.6534817	23.803644462365
	-79.3839347	43.6534817	10.3704447625638
	-79.3839347	43.6534817	0
	-80.0090548926066	42.240575803297	26.3620251705803
	-80.0147602490278	42.5385615984312	0
	-80.1388085424057	42.3140900718178	25.0593348666138
	-81.6489839830297	42.6804172238387	0
	-81.5758512945024	42.1507018772743	27.414971497239
	-81.7233443751955	43.2098736597359	7.3828748634612
	-97.9112370171464	40.8953091321361	31.8020731372044
	-91.2918214117374	41.590453118217	30.8682334571164
	-91.8532789538601	43.0548972898202	0
	-97.9802454526106	40.8859717067835	18.7332575842407
	-99.8021851408465	58.2898069199266	0
	-97.9720558992088	40.7749055087873	0
	-87.4820354474301	39.211537982389	24.2437960592577
	-73.4969097913864	41.0745421985174	31.5416790153654
	-89.4071236858205	42.3547039401565	27.9762002447136
	-75.6622120644362	38.8424660414384	17.734144625287
	-75.6619670293655	38.5839366553065	35.6723220686157
	-76.8272171709994	37.2327398370363	48.7553266196863
	-94.8374622392014	43.2157365586944	0
	-89.7586499355334	43.1167716931414	24.9996067811849
	-96.0027795886623	43.2067311841887	NA
	-122.857533935248	45.56614365	35.7073170806606
	-122.857533935248	45.56614365	17.5035386127294
	-84.0448241560712	39.87658442586	28.4052524718178
	-83.3504651367837	39.4615354449663	22.3180164555779
	-84.1844300331331	39.1950440784407	NA
	-84.5266364154564	37.1617278252524	28.705882351928
	-83.8258848740943	41.2052186918436	30.6527012150699
	-96.2267227580358	37.1417867798934	26.0554581124124
	-91.4225183252468	29.1554663912552	23.1586325221192
	-117.398866410788	39.791952928746	48.9913364958389
	-140.402863464866	30.7150818705267	0
	-91.3961856	43.2961731	20.5852588705285
	-88.2181641962682	27.234550681185	18.625582826674
	-95.665012220423	22.8724813775647	28.4905445909677
	-95.7624774199124	20.4407733110759	36.2059284083197
	-85.5506962685735	11.0090665	59.248682904149
	-86.8103010672156	27.9823516650879	0
	-85.937175747177	21.452795458397	52.7723261204121
	-106.047921564202	40.0348362433696	0
	-82.4077907822393	17.1115831211581	23.5621324425886
	-82.5727001091118	14.9606983977489	18.1072923580298
	-82.3376977629371	15.7304465094172	0
	-81.9584245922458	16.6412617212446	0
	-80.9161878662989	-2.59449902830805	75.6378427142995
	-79.9195374713327	-6.56415727980924	40.8084024383092
	-67.9785479645534	-20.5584428427589	15.7724432734057
	-72.4156215739658	-12.652277981585	24.9996069249304
	-87.7671061935138	34.3247431566581	NA
	-83.3511831467101	29.4487482266716	29.9454545442023
	-69.7841307451917	29.6415930401749	26.5166362107411
	-96.4077573650629	27.9478075311231	34.9995950255192
	-90.4761774526493	36.9919484211525	29.38044857542
	-90.6362391521259	35.9602281343725	NA
	-73.9829678843892	40.7511782949132	16.9374096295829
	-98.1033670987594	32.771959583458	0
	-93.5959786	32.6676663	14.8600254847059
	-93.5959786	32.6676663	45.0178265573679
	-98.5489702097128	40.4340103120945	13.7175632158686
	-83.8349693831803	41.3816487488421	0
	-85.8093138424159	41.7945395661075	20.1727013039027
	-99.2222208641812	40.3445576236003	0
	-99.5163022160198	40.2660313645017	21.6605164782935
	-91.6149715250899	43.0249752048672	23.3250093240384
	-99.764442032648	40.1664803295189	0
	-92.386030379216	39.299551689476	0
	-95.3974285775433	37.9822445029794	0
	-100.286884749285	36.7167405635312	24.5250815552229
	-105.450798035426	39.5349010792127	34.5868122402767
	-100.420277089206	40.2200457812391	10.4297416379471
	-94.3228476274302	40.1767517395941	26.1365482925624
	-90.5978635345085	43.520586029863	28.1465295187948
	-100.763882014343	40.2129566658094	13.0714285715033
	-76.7707511005946	42.5490431151301	NA
	-101.642977609679	40.0256770196163	59.1697321585302
	-91.0021409230054	39.9658281862238	NA
	-108.084758062024	52.0108587625448	5.27792963920746
	-126.62075627881	54.4743162744696	24.8313992275114
	-85.866415699348	34.5532808020242	4.9747497868755
	-85.6594791902536	36.8946610157154	31.7687047428344
	-86.6537766744191	37.4488867837384	5.45592061536862
	-88.0690491759946	36.3635742709747	NA
	-85.6812850827482	38.1673236438124	0
	-90.5226422310845	37.1304395818525	17.1612641146953
	-104.087572900309	39.9015018991023	13.90202478274
	-95.2877887782012	36.0854543916409	NA
	-95.7728869220626	35.5867311230338	16.3812855875341
	-61.786659232845	2.76019606785009	19.4975172134546
	-103.803064633959	40.1908620208881	31.3150860315893
	-106.421316200144	39.8569997281726	12.3737624309969
	-114.642286351368	37.0862179600746	NA
	-111.097039760591	36.8535477468831	22.9676574184165
	-102.01220844948	41.0302186201979	31.5166493101012
	-110.826849169953	40.9823522756716	21.7689863440044
	-97.5930539205237	40.8006185371076	0
	-90.336873569322	38.157439856387	0
	-96.9912178384124	38.2296273160121	0
	-107.864647220999	41.2295532197934	38.9158239110485
	-112.593890435678	41.7444629043907	22.7107869817499
	-106.654528511538	38.4659166616637	19.6422313385607
	-115.256064068977	33.6704741585872	0
	-116.9646629	32.5010188	15.948901218417
	-122.224338687136	38.1431990744917	0
	-75.1567219480382	40.4420985591116	10.8460604592289
	-116.325015525516	43.5017163970156	0
	-118.576679759444	42.9369462626634	26.4879325257214
	-129.493914072162	48.5278481333053	0
	-116.217459571936	41.4231086434624	0
	-117.257277506345	53.9849651067667	0
	-115.78977577956	34.1902252900998	67.9759165813963
	-116.605105965783	34.9676289443767	25.8011197366032
	-115.256064068977	33.6704741585872	8.77154691576117
	-116.9646629	32.5010188	0
	-100.572064129962	40.0304567294257	31.0713565141786
	-100.549857899936	40.678480754963	0
	-98.6551594542428	41.3778897536104	16.3762094276914
	-103.88613276878	59.4429811728409	34.167759857025
	-97.8690696522265	37.161275785105	16.6825400956236
	-99.4784479975913	36.4237934907554	0
	-115.721486368088	32.5892087929615	16.2452757215207
	-93.6924432372107	36.025071119787	NA
	-91.7270695879616	42.26419472328	0
	-95.3676974	29.7589382	28.0177538606609
	-100.343943822688	42.5752434528688	35.1941908513629
	-110.960833053844	46.1299471755778	0
	-124.351892412992	50.2635379349327	15.11368387187
	-118.653646679482	45.7780631615598	28.9396419961199
	-122.447256583303	45.6381518227483	22.2215233034641
	-100.035470531358	42.4975669992018	NA
	-100.109071132081	42.5728819276664	NA
	-115.6302782397	45.0628798314595	0
	-122.552836008217	45.5285034576713	26.9135294292525
	-122.628972310071	45.5379894472963	19.0025276204513
	-99.7334043023032	42.4830444613135	NA
	-99.6448524601847	42.5455399350135	0
	-97.4013864051261	34.6945822099642	0
	-97.0364963626407	33.098605898444	0
	-97.5540029639013	35.3441565262629	NA
	-101.697522820313	37.9756682023057	0
	-106.145989753071	40.5534562270978	56.3127587887791
	-99.763213515689	42.9122371013066	19.9188428063019
	-99.574006475537	42.7377179420499	23.7670925945386
	-100.667863632363	57.4977272442737	NA
	-99.5639076625411	42.5529004229307	0
	-93.7446933992755	32.5985071128389	25.4402512002967
	-89.6833219062149	41.7690261160458	0
	-117.256395110396	45.8729983102855	0
	-119.636068863089	45.7814253394877	23.6852195197838
	-120.892456161742	44.0242133961795	32.0304199714542
	-120.816543796593	43.9551536864808	0
	-120.780666790585	44.2045760960669	0
	-122.4006413	45.5093799	20.9037103193925
	-122.4006413	45.5093799	32.1836818398248
	-122.4006413	45.5093799	15.0467752534386
	-120.504850804019	43.9741418429048	23.8838714694635
	-157.960511	21.468151	26.5642561698932
	-116.18500043319	45.2347757455838	0
	-100.2178972	33.588178	NA
	-100.2178972	33.588178	0
	-119.301971086998	46.8584329587123	20.3035690131048
	-122.806177694651	46.9248935536018	0
	-123.102777940064	46.8850532522697	0
	-118.625107123195	46.8332348851581	0
	-124.229936589438	47.6335855363891	0
	-124.522390212451	48.0520963010617	NA
	-126.353910725173	48.1128544962767	28.4039963457123
	-127.629363837948	48.9584255074976	27.1600717149381
	-121.002980846584	41.3479389478731	0
	-115.267370899814	46.2077660692155	33.496808937718
	-117.52229506877	49.8542844849058	39.3240683364898
	-113.935807168053	47.1147464029584	12.6649623809273
	-119.200641993744	49.5324518133595	33.202681302583
	-127.669472714908	49.9282560038327	10.2983466873574
	-122.705134236182	45.547424842735	29.6879072951264
	-122.628972310071	45.5379894472963	23.7293992218089
	-102.546507612502	39.0672146501753	NA
	-102.758334665905	39.3049225791833	NA
	-101.239033281262	39.3768435236724	16.6003545638523
	-101.367086762574	39.2557616367685	0
	-101.597535475099	39.4382688943971	15.8644613676485
	-101.801961658488	39.713315286961	0
	-102.02019674549	40.0041474337862	22.1067796926388
	-135.795427158508	30.4929272931517	21.4587153574111
	-99.9162670522167	40.2257350110085	0
	-95.1797262377419	38.4527366384917	18.2615577218489
	-100.241040172324	40.3371154120437	44.8033898789592
	-94.6412109507346	31.1461549011605	22.6679732705584
	-100.697152036974	40.983861659005	0
	-102.502671910394	35.8352391725832	0
	-106.570364912731	38.7659049911584	0
	-100.466365964938	41.5882974325845	22.7090619820916
	-99.4447981278987	40.422316242049	0
	-99.6474190537883	40.8778979101907	10.7846006303052
	-98.46274236916	39.6536559440244	0
	-89.8340657794229	34.9578336368113	19.2292677392834
	-99.3669112125276	40.0774743427953	0
	-109.743256576377	40.0237750256578	18.2694017310862
	-112.835783684411	40.3390829791025	0
	-99.172719076468	31.9222151021222	16.7640923657306
	-118.107452888522	42.7471898044042	12.9470190734087
	-117.309649176711	43.8452580647567	11.8942734706961
	-110.104780466761	40.8144590519968	0
	-122.405594942466	45.5649655964051	17.4032431744205
	-122.361586828813	45.4639691743823	0
	-91.6141887712238	39.5092479380426	0
	-91.3786277020433	40.1592917916418	16.2269698703746
	-93.5959786	32.6676663	22.0013268032137
	-93.5959786	32.6676663	27.3967271636858
	-89.8206752700364	44.5815979407138	26.7056569495514
	-92.3000954428917	45.7512525839241	24.5074000399538
	-86.3820633164267	40.5396686047645	40.3964298961876
	-88.6845429651341	40.4333589236837	8.28417532688971
	-89.1370596047409	39.7330708937153	24.6608635577453
	-82.9254893412131	40.6131013959588	15.7285573326563
	-91.2749252317947	42.4317637949169	25.9825021368753
	-81.4060408198973	34.087241893634	35.3669506948621
	-85.2654592	31.1355603	0
	-77.2741121	36.9096897	NA
	-91.925681179316	42.8896232539589	0
	-92.0830462822759	43.0515826212015	18.6964921701842
	-79.9760405	40.4597204	0
	-92.4678983001687	43.1102138554703	12.7072767783341
	-92.6694947050566	43.1403677426829	33.4524440136581
	-88.0905205595873	33.4062514546231	9.03935514216666
	-92.8373631316724	43.4461165149497	4.06825858837571
	-126.50393028518	36.2963723039283	22.126860101824
	-91.8402920581331	43.4927901824454	22.765210401973
	-91.8001782209255	43.6751233638627	31.8594986390746
	-91.8728553316488	43.6849675424539	8.87116765512943
	-92.0832673798875	43.8946940878904	25.4120504645692
	-89.949510000962	40.4664762161642	11.8924658701861
	-91.8563139	43.2677179	35.3832497474058
	-92.2068103756447	44.0808355627662	24.2419031737346
	-97.747578581672	36.4904609506523	45.2298935178918
	-91.9807902979329	44.3501963185071	35.6253103058044
	-107.003996686682	39.9476011423528	20.8049191233995
	-91.3695424017958	44.4768472836799	17.478662009
	-94.079860494334	43.5947391698598	0
	-91.2027372471665	44.5282124261789	21.6455715983228
	-90.5653800071481	36.6198192137748	0
	-91.7050411091876	37.401784126938	14.8797016136058
	-92.9332855612187	35.8805818634949	16.6288160091746
	-100.7846477	33.1665316	0
	-87.4747811046029	36.4724036740105	9.64559419440675
	-86.6827026426814	35.7973970596525	21.643755094949
	-86.5257849801904	36.2799042135999	0
	-91.3716462120915	46.3254905465458	31.1376255742685
	-120.020221060796	57.6439790719563	0
	-127.024367887868	59.0711474733072	20.7772199815067
	-141.009641149297	59.3243791993719	8.81186937903602
	-149.627688763687	63.9196046513538	40.2286101683092
	-87.3641158087324	43.4922961220976	20.6977756063714
	-91.5653247933632	42.5772872689813	0
	-95.1797262377419	38.4527366384917	NA
	-90.9065816896321	43.2640462881207	0
	-88.2431813631115	40.591415774317	22.0263433701073
	-88.7469181038423	42.9392245565299	0
	-89.3228560737894	43.4669592489955	18.8094805620496
	-92.3698269348127	44.6147347356268	43.5646044864628
	-91.3961856	43.2961731	5.40513388946082
	-96.9924247725144	49.3064735116528	3.0165410544583
	-99.1165039832657	51.1413327311277	46.5282575462585
	-107.060289397543	54.9365887263872	22.0364112320951
	-84.3352748928184	44.0419814692656	13.0550498412739
	-77.6020449726644	47.2841091488766	0
	-75.3537131575845	47.733821503455	0
	-77.9918516194468	40.5781679995769	0
	-76.9966790826043	40.6246634896981	43.708030145334
	-72.561597172231	53.588912027676	12.272413589557
	-64.5488446580227	56.7754381880006	22.1264064741547
	-44.0215065231375	61.7538348259454	53.6798264710302
	-87.9171393455506	41.6688763367067	0
	-89.1496574	42.3255276	13.0430108917134
	-87.6456111579894	41.5205953559139	30.4681476435309
	-88.0054631376602	40.0325096045799	20.3105442818235
	-88.1291858555398	37.9778560703139	20.3576583268658
	-87.3453708993867	42.7111810428962	0
	-91.4322639702696	43.4793033559981	18.6950564404055
	-82.7505537312753	42.3373599842153	0
	-96.6972546055043	33.8690383227274	19.3722435777187
	-109.064877563841	35.9812747205957	0
	-95.6352505638499	33.9590893331514	16.6545721626249
	-96.5462840880791	29.592824349789	22.7711521509379
	-86.5833877273634	26.7878751253809	27.2521718687183
	-79.9760405	40.4597204	42.3649007181658
	-100.316835204593	33.4333571947597	0
	-104.133635382489	30.7899051695024	39.4337323915322
	-109.525790546724	29.3299671346066	10.8391771874951
	-99.9959654585698	31.7336215735773	0
	-111.827972262025	42.6205646069462	14.1143109106293
	-110.556454658576	36.1094228595753	64.9024855562368
	-92.865346406687	33.1314407381222	9.13506822663645
	-94.2768346428556	43.343523351105	0
	-90.6054749212701	42.5096235779893	0
	-91.6865048100361	42.0715324688446	10.4672102495921
	-91.7270695879616	42.26419472328	43.1397968335668
	-89.7846643462204	42.8315043304559	38.4617783404648
	-90.5161790083725	42.7599653586606	33.8836967319147
	-90.0818482029301	42.4893336395333	0
	-92.2242141515008	27.4880385797288	11.219760221057
	-89.4159086497278	17.9683464176766	31.0083719035076
	-90.2988441269052	19.408224852968	27.5441575070031
	-92.6812175824182	21.5260809928903	49.4163070179413
	-88.0675694367424	19.6490521970835	18.0785218795139
	-96.3676452635039	25.822096155567	43.5822306832971
	-95.0087505079678	35.5041747807357	11.4152087634497
	-89.7501327322431	35.4142380154113	23.0288784356591
	-95.3963667	29.939219	14.1219123980478
	-98.1746520023776	35.4482263028748	23.8161870210511
	-101.001899332221	34.1712472367893	13.5261555947043
	-95.3676974	29.7589382	0
	-95.3676974	29.7589382	15.2860014268091
	-116.077743471456	36.4818481747905	0
	-131.219383306706	33.8501829454895	21.4274884603466
	-131.766708881331	33.822040945795	0
	-132.301841390204	33.83853327683	20.7900315956505
	-119.339123375819	35.6349254132119	37.0237325293687
	-133.113342245155	33.6770370058722	21.984697365628
	-119.7737991	37.1716264	20.7870881078714
	-133.985952198885	33.3851484484007	0
	-147.519726951971	26.6513849566823	18.3965498393702
	-156.858748867152	20.9965179896188	25.3582408679374
	-156.3105232	20.7580586	26.4766917371364
	-142.012509855104	29.4870191250907	0
	-157.960511	21.468151	17.5176039661917
	-157.960511	21.468151	27.92582748304
	-157.960511	21.468151	21.2861441007489
	-100.514677687076	38.1785136649603	0
	-126.421695656464	36.111116042448	38.2139122172853
	-124.60785300422	36.6112452790112	0
	-122.601035531877	37.1255170402652	25.8890288810929
	-146.766636045242	27.4558567242592	0
	-108.292191877748	37.9521213157746	26.3427480974062
	-116.215912640314	39.9534912739672	0
	-157.960511	21.468151	18.2043942720076
	-157.960511	21.468151	36.9822831688057
	-157.960511	21.468151	18.8161373704473
	-157.960511	21.468151	29.9056169473354
	-157.960511	21.468151	50.5629369471409
	-91.8967048396613	40.8350349695966	0
	-93.8909112133404	40.3812784182764	0
	-93.1952321226543	36.4953307968281	20.2326084726185
	-100.7846477	33.1665316	0
	-94.2794856189041	42.3730794768236	38.3806532277027
	-122.628972310071	45.5379894472963	0
	-75.6837113496151	38.8225825870311	19.2311217779126
	-88.0405362245133	37.6679444627713	33.2615333465492
	-102.161043544585	37.141705965595	22.5166649313167
	-115.721486368088	32.5892087929615	0
	-101.399334115717	37.3391128400098	31.7306481809616
	-116.9646629	32.5010188	0
	-100.476227872355	37.5476115172347	29.8773522355652
	-100.638876942338	37.7694124301524	0
	-100.12477574779	37.8897928785198	32.3862139789328
	-100.694998184554	37.6607589636773	30.245204807576
	-87.9766814988744	37.7296117318453	24.2366581681172
	-101.502135749192	37.6100581053917	0
	-100.946678986453	37.7368522985772	33.7923832222786
	-108.118721774525	38.6054243789007	0
	-111.854348792603	35.5074869432508	23.1323188683423
	-109.944371094595	32.5553259742155	23.8124082670131
	-106.102202692989	30.6498505714972	28.0853329449694
	-97.1939449021273	45.7396877804206	0
	-98.9265233154816	37.408735884422	44.2584911676793
	-98.3280958997434	37.7521809271692	0
	-97.5223197586244	37.9349254102736	31.4918731298288
	-92.3772038608728	36.0714573842217	34.5577490791891
	-92.937285420558	36.1797906914936	15.994746022794
	-84.8841898501867	37.1300448093324	17.398611083666
	-76.4835430337797	38.2655902297216	30.9624600897682
	-96.0012430851351	35.667683054198	0
	-95.345216555273	35.9690476204477	20.276391310019
	-93.6060070161757	32.6110951266977	10.4579523421553
	-100.18792786712	37.3566538135777	41.326192198021
	-104.399325401863	40.1081799629962	0
	-103.999934150112	39.8517364010718	20.0728505853141
	-93.9451563765573	41.0023698186141	36.0335378665647
	-97.5686658325187	40.8666350417631	15.731648516008
	-103.588029732998	40.3871714470624	0
	-98.5727107247948	44.4556470219345	35.1158593243477
	-113.422776769506	37.9155011602526	0
	-112.440416999655	39.2743455441258	42.0044538084754
	-110.637515309014	41.453447540986	0
	-119.637310157408	39.070344084972	39.7958202219205
	-85.3509607727193	30.6838601986771	NA
	-85.2997413036223	30.5121678072072	0
	-90.8121787545763	43.7340545040563	0
	-108.506707206246	45.9824830639347	35.108072043009
	-123.571719598223	42.9152956194686	0
	-75.6109090771311	39.2427499873465	26.4063258376269
	-75.5850681541849	39.0559433577662	0
	-85.0329505190127	29.7428899205891	18.8341046477812
	-84.9850626704793	29.6510147282738	0
	-85.0331754609357	29.5065218077667	20.1764921297265
	-44.4220559383138	22.7446208159291	0
	-61.6037876489578	10.9575359207189	56.7657799398281
	-85.1876860842909	10.5633975416916	16.1040530535789
	-86.2205204355451	29.5156061033548	0
	-79.9760405	40.4597204	0
	-86.3381581576922	29.2774062432447	13.833324966362
	-82.2274885342496	22.4686924083175	16.0520634294686
	-90.8897121620483	16.324983985461	36.3352719536847
	-99.4561908744426	22.6770702059408	24.9032176380585
	-88.6223314803662	14.4996611508896	19.4833254968909
	-89.1634928830708	15.1003245627879	20.2344139413035
	-91.8194700925552	17.6533076828673	30.3885801740801
	-84.0590071450573	10.4249960011873	9.69181643247263
	-83.9247151693647	10.2905029379654	44.4893576703506
	-80.6051041819086	23.5190049188363	0
	-79.9138120340715	23.1343588586801	26.59874771307
	-80.0178140929784	22.7573761696214	9.50773328695892
	-80.1191008219232	16.3773912872653	42.8718404938529
	-81.4959992894802	15.4439436305679	47.444177470593
	-82.6862033539229	15.9067423988295	22.8980863417565
	-88.0653136650027	13.3704329425271	21.4777345920434
	-82.3320281625375	16.0672050252039	36.3111107772183
	-95.2833199207061	20.3658202712577	68.0171504074858
	-101.153763403936	25.4210993223067	0
	-81.0723191307791	15.5925854399382	31.5989486164616
	-81.9806258853556	16.8921893892499	14.2238859389545
	-81.8828570375451	17.1367779770711	11.5269751737081
	-77.5860298017569	34.4234573347107	0
	-74.417272318902	43.1799418807066	40.5201965161943
	-120.071509978694	35.8550223763736	20.3170855481133
	-91.0541697215892	20.0814257955774	15.6193329846579
	-82.455180162996	14.4643699013375	51.1281890988099
	-84.7902043605256	10.483055226361	0
	-82.2268959567555	14.845564710978	24.108020900861
	-82.1325102260445	15.0941344678772	54.4704155068296
	-82.1077295763683	15.4353199514213	42.6629830514203
	-84.0366446989124	9.9213105226537	19.2486310450595
	-81.8726990229798	16.0886560210557	0
	-81.740928426792	16.4800418376358	19.0742359752471
	-99.9363865229733	24.2471011580887	30.3978487664767
	-79.4909139509464	15.3396264656122	9.99064142649399
	-79.13597559465	15.7468118322885	21.6469193957725
	-76.2477967912713	20.7869168917539	0
	-62.5265936957195	3.40805346610392	17.5660070145821
	-79.7733966578858	14.5911774069149	0
	-46.4129135527408	10.0725641473215	15.9354916284108
	-85.2671497589565	14.8983015611396	0
	-162.392793556843	65.389919944808	23.8203113668665
	-84.0016027791211	12.2906562189261	20.6442057560779
	-85.0313879310741	13.584976832803	0
	-86.0194830584825	15.219156791841	6.63586264719354
	-62.0654606097261	2.57452851525932	31.5077253161548
	-94.0493493495406	18.7500824884309	21.5538657643048
	-89.8977368372274	15.3570380631373	22.1993382218773
	-83.9179977589123	10.1651940687324	32.6423575765558
	-83.9601937984304	10.1485090264129	0
	-84.0174799095545	10.2240165430503	8.84015908743222
	-79.7046447593243	38.9318509868789	24.4598161506782
	-79.7285922658927	38.5511585064823	12.6366738707088
	-80.4185751076249	24.8317749449984	0
	-79.576449686547	41.0416292827634	11.1803454791674
	-89.3025700508039	35.6107160720066	29.049707318476
	-77.1391593622271	42.1601950641301	0
	-102.0235497612	57.0991261465397	36.0796665592262
	-72.5814592841317	37.0823832848778	22.6731225730438
	-74.1861274210364	40.8922494681965	0
	-69.8920017498567	29.4125004788534	15.7062786792182
	-93.7695142269578	39.3080215155775	0
	-101.634118893657	40.8764679918002	16.6032450883688
	-127.445888746127	28.3467164952331	0
	-102.311206178906	43.9369261628902	0
	-89.0457100984715	43.123430021567	22.9494015591792
	-122.183545348809	42.243053917719	19.8156313983801
	-87.8523991833565	40.3828238179934	NA
	-87.301673268406	40.0369261353941	0
	-82.4351999531447	44.8404362521549	0
	-51.1873473131447	40.0696650749945	0
	-90.8388485227511	38.5651895237992	0
	-96.6731168227551	29.4716646787792	0
	-113.060997792407	32.3960554078294	0
	-90.0768164106291	39.5928273279965	NA
	-80.9708376626408	41.4387017182921	0
	-90.86424651158	39.3940721092339	12.3022232237654
	-110.465715399557	53.3642474144598	29.5203244836281
	-133.533531153911	54.129707239709	29.5203244836281
	-88.814366019292	37.2282088185772	0
	-88.1431194807694	37.4100189013358	18.9854365535535
	-88.1635896903671	37.1605342287198	0
	-91.6462892352157	33.4976490027919	13.0014738290012
	-93.5959786	32.6676663	0
	-93.5959786	32.6676663	23.2207434101365
	-93.5959786	32.6676663	0
	-93.5959786	32.6676663	20.6608389972797
	-93.5959786	32.6676663	0
	-85.4627325761805	35.8327661239352	0
	-85.0683489191834	40.0655911082583	54.8404976907723
	-86.3082782109543	39.9258686230816	31.4000395941939
	-87.5366916863914	39.1572368820311	19.6750023432108
	-89.4394058982179	38.7647245039506	0
	-91.5744481977276	38.953501893267	26.6882552874326
	-90.6746238657806	40.8304958227696	16.9572443381834
	-108.585015836092	36.0275099179986	0
	-78.0914247051962	42.321535304902	14.7672882265208
	-77.4651297524819	41.6497209722446	11.5597091619946
